6 8 14 23 31
11 13 31 35 39
6 12 31 33 39
2 16 17 21 31
3 9 18 21 39
5 8 10 17 28
1 9 12 18 20
4 14 23 25 38
3 14 21 23 36
10 24 26 36 39
6 11 17 20 21
1 4 16 25 37
1 12 18 26 32
20 26 32 35 39
4 6 10 25 38
1 3 5 28 39
14 15 19 24 34
4 11 14 17 19
10 12 27 30 39
3 14 19 20 21
1 2 8 13 37
1 2 12 13 30
9 19 21 33 38
9 12 18 26 37
3 4 19 26 29
3 18 26 34 35
8 13 16 23 29
3 5 8 18 34
29 31 32 35 39
24 27 33 38 39
2 4 5 18 22
1 4 8 16 26
3 9 10 18 31
6 10 13 14 38
2 3 11 27 28
6 7 9 11 26
8 10 22 23 36
4 16 22 30 34
1 4 15 29 35
3 28 33 36 39
5 13 19 33 38
10 15 16 26 37
1 3 5 9 25
1 56 10 31 36
15 22 27 30 38
3 9 29 36 39
11 23 26 33 35
3 6 7 33 37
4 16 17 18 19
5 12 24 27 37
4 5 26 37 39
3 4 17 25 35
3 19 23 27 31
2 12 30 35 36
6 19 25 37 39
17 31 33 34 35
13 17 36 37 38
1 14 19 27 37
1 21 24 27 38
1 2 6 13 18
12 20 21 25 30
2 17 22 30 36
8 16 19 21 37
24 26 28 37 39
2 25 28 32 34
3 8 13 17 37
9 15 27 37 38
4 11 16 20 22
2 5 22 32 35
15 17 28 35 38
9 11 14 30 35

4 11 16 20 22

2 5 22 32 35

15 17 28 35 38
